x <- c(2,3,5,4,8)
y <- c(1,6,7,9,10)
z <- x+y
